50.86               62.4 
64.0                58.14
50.23               43.62
57.31               46.92
48.43               58.6 
58                  49.14
51.66               43.50
46.51               57.24
56.08               65.7 
48.07               57.01
56.79               56.1 
48.47               54.82
55.41               55.86
48.67               53.69
51.88               58.68
52.06               66.11
54.02               67.15
50.09               54.8 
52.60               49.30
57.64               58.05
50.27               41.0 
50.8                48.38
48.80               42.13
45.77               66.13
56.65               61.05
51.05               48.7 
50.36               62.14
55.82               43.11
47.68               42.84
57.79               53.42
47                  58.59
61.0                47.41
54.32               68.44
67.8                57.58
55.90               50.6 
56.88               51.63
52.01               55.58
46.57               57.83
54.83               58.27
52.0                53.06
55.94               61.41
47                  51.72
51.31               53.78
54.61               49.45
57.72               58.38
55.84               43.01
52.42               68.93
47.20               63.82
55.81               64.98
50.80               68.5 
49.8                73   
51.6                     
75                       
